32
1 158 147 336 584
1 186 50 363 481
1 0 121 110 492
1 0 94 125 467
1 526 186 635 454
1 368 57 525 442
1 480 115 583 367
1 561 53 708 413
1 680 75 751 248
1 635 127 714 321
1 738 85 800 268
1 116 128 157 229
1 324 119 391 285
1 379 108 420 211
1 360 193 430 366
1 743 85 767 143
3 47 130 75 171
3 69 128 100 173
3 94 150 130 214
3 149 128 171 151
3 192 111 333 120
3 332 87 376 132
3 361 123 388 190
3 408 107 433 136
3 519 93 571 158
3 549 93 584 141
3 475 102 513 153
3 648 76 674 113
3 566 74 602 175
3 676 101 693 131
3 722 94 737 113
3 726 82 751 94
