46
1 0 154 24 245
1 0 149 23 221
1 3 151 24 203
1 57 148 74 192
1 75 147 95 199
1 85 149 111 214
1 111 146 143 227
1 150 150 192 255
1 142 140 164 194
1 124 145 141 187
1 169 138 193 199
1 189 150 199 174
1 200 136 229 210
1 243 135 262 181
1 276 140 313 232
1 295 134 311 174
1 319 133 342 191
1 333 133 350 176
1 359 130 372 161
1 366 131 379 163
1 378 134 397 182
1 348 133 358 160
1 315 133 326 161
1 236 130 244 153
1 191 111 199 133
1 149 114 156 131
1 154 111 160 128
1 154 121 162 143
1 66 124 80 161
1 353 131 361 151
1 377 131 386 153
3 58 134 67 150
3 122 117 127 127
3 113 120 121 128
3 133 115 137 138
3 133 131 149 149
3 138 120 148 138
3 166 118 174 145
3 177 127 192 144
3 201 119 210 131
3 210 123 224 135
3 221 118 229 130
3 228 118 234 128
3 235 117 240 125
3 276 137 284 162
3 285 133 293 141
