36
1 29 223 52 281
1 43 226 66 283
1 63 227 85 282
1 77 221 102 285
1 96 222 122 286
1 116 222 143 288
1 147 223 173 290
1 167 225 194 291
1 187 221 216 293
1 217 219 246 293
1 243 217 273 293
1 230 212 262 293
1 207 210 240 290
1 257 215 289 295
1 272 221 302 297
1 285 213 319 297
1 304 226 333 296
1 317 219 349 299
1 335 228 362 297
1 349 215 382 296
1 366 231 393 296
1 390 231 418 302
1 381 219 413 299
1 409 219 441 300
1 419 231 447 299
1 443 238 469 302
1 466 240 491 300
1 482 240 506 300
1 493 218 527 301
1 134 208 166 288
1 159 213 190 288
3 97 205 112 224
3 120 203 141 222
3 196 206 215 228
3 442 219 469 242
3 473 220 487 235
