43
1 0 124 43 255
1 37 118 95 261
1 60 112 113 243
1 91 116 138 231
1 107 83 194 299
1 169 126 230 274
1 188 122 243 259
1 199 113 252 242
1 232 116 295 272
1 260 113 310 238
1 346 73 436 294
1 446 119 500 285
1 434 117 487 250
1 420 110 466 226
1 11 113 64 245
3 2 107 21 128
3 40 107 57 131
3 102 99 121 118
3 118 104 144 125
3 114 95 129 113
3 122 96 137 108
3 164 104 180 127
3 175 104 187 124
3 178 96 192 115
3 192 101 204 118
3 201 94 216 117
3 212 103 220 115
3 227 106 245 129
3 240 101 254 117
3 248 96 263 109
3 260 92 268 111
3 265 93 275 108
3 272 90 282 103
3 287 104 300 121
3 295 97 308 117
3 302 94 313 110
3 312 97 319 112
3 366 102 389 126
3 411 101 429 121
3 423 102 437 122
3 71 102 87 126
3 332 93 342 111
5 330 83 376 205
