38
1 8 208 43 295
1 62 201 101 296
1 93 204 119 268
1 112 204 136 266
1 141 196 168 262
1 121 200 143 255
1 168 192 186 238
1 158 194 175 238
1 29 186 50 239
1 44 189 62 235
1 2 189 23 240
1 0 190 12 236
1 190 202 209 250
1 229 192 271 297
1 300 197 317 238
1 285 197 302 241
1 259 197 275 239
1 207 190 226 238
1 218 197 236 243
1 51 193 69 236
1 22 183 36 218
1 57 192 75 236
1 72 197 96 257
1 176 190 194 234
1 201 192 217 232
1 275 188 284 212
3 141 195 153 208
3 134 192 149 204
3 205 213 232 265
3 295 227 333 287
3 277 236 303 281
3 361 230 399 287
3 344 232 369 283
3 318 192 338 226
5 163 170 252 196
5 108 148 176 161
5 262 173 380 204
5 85 184 167 202
