30
1 324 115 365 217
1 294 115 335 216
1 261 124 297 214
1 234 113 275 213
1 209 123 245 212
1 184 124 219 211
1 155 117 195 214
1 129 116 168 214
1 100 110 142 214
1 75 114 117 219
1 57 112 98 215
1 28 109 72 216
3 31 148 49 168
3 58 156 75 180
3 88 155 111 180
3 124 159 145 185
3 153 154 176 178
3 188 157 205 177
3 213 156 230 178
3 238 157 255 174
3 262 153 283 180
3 287 157 308 177
3 322 159 344 181
3 290 119 306 137
3 262 115 276 136
3 226 112 239 131
3 203 115 216 131
3 181 112 193 130
3 153 112 165 131
3 125 109 136 128
