164
1 656 626 849 1099
1 577 582 738 975
1 383 602 535 974
1 215 572 373 957
1 314 583 439 891
1 154 577 281 888
1 63 578 215 950
1 0 572 114 968
1 508 576 617 843
1 1232 606 1448 1135
1 1212 646 1373 1039
1 1057 599 1191 926
1 1424 647 1563 987
1 1165 611 1248 815
1 37 565 111 745
1 566 582 642 767
1 760 599 1133 1511
1 1425 657 1782 1529
1 1657 640 1783 948
1 1716 632 1820 885
1 1748 646 1855 907
1 1785 646 1891 904
1 988 615 1110 914
3 1868 668 1934 779
3 1956 639 1994 718
3 1882 639 1919 668
3 1923 639 1952 698
3 2008 638 2044 743
3 1506 623 1564 709
3 1838 761 2012 1081
3 1085 606 1107 648
3 1058 605 1081 647
3 694 586 728 646
3 777 594 808 657
3 404 560 435 616
3 236 571 270 637
3 1948 512 1981 552
3 2003 511 2036 545
3 1992 470 2019 506
3 2008 436 2033 464
3 1964 435 1993 467
3 1974 375 2007 429
3 1940 386 1966 433
3 1906 411 1943 454
3 1905 385 1925 411
3 1865 382 1895 433
3 1832 403 1857 441
3 1785 403 1816 445
3 1802 383 1827 410
3 1763 374 1787 404
3 1753 397 1776 444
3 1717 384 1744 432
3 1677 378 1707 407
3 1665 410 1687 460
3 1633 416 1650 452
3 1641 386 1664 413
3 1621 386 1632 411
3 1572 395 1604 434
3 1534 392 1557 437
3 1505 384 1529 403
3 1489 396 1516 434
3 1466 374 1486 405
3 1458 403 1484 439
3 1427 396 1448 429
3 1543 329 1581 392
3 1411 377 1436 397
3 1905 498 1938 539
3 1887 467 1913 499
3 1847 445 1874 479
3 1799 451 1823 472
3 1802 472 1826 501
3 1764 444 1786 481
3 1748 475 1773 528
3 1789 499 1817 530
3 1694 442 1725 497
3 1688 494 1721 524
3 1651 502 1683 526
3 1610 497 1637 532
3 1580 479 1607 516
3 1543 475 1560 513
3 1474 495 1503 540
3 1499 473 1518 510
3 1524 447 1545 477
3 1565 444 1593 473
3 1607 448 1636 491
3 1638 452 1665 489
3 1485 440 1507 467
3 1446 436 1475 467
3 1391 394 1415 417
3 1377 403 1393 435
3 1359 394 1375 424
3 1340 370 1358 402
3 1332 391 1346 421
3 1301 410 1320 437
3 1308 379 1325 409
3 1279 376 1293 402
3 1246 382 1271 403
3 1234 430 1249 452
3 1221 453 1238 478
3 1208 475 1228 504
3 1200 493 1221 518
3 1131 481 1157 506
3 1159 468 1181 489
3 1174 457 1201 480
3 1189 427 1207 452
3 1213 411 1229 432
3 1226 399 1247 424
3 1188 397 1203 423
3 1205 334 1232 370
3 1121 430 1149 467
3 1156 425 1172 451
3 1164 394 1187 419
3 1111 415 1135 429
3 1088 426 1108 451
3 1093 349 1131 382
3 1069 377 1094 405
3 1045 395 1062 423
3 1026 411 1044 433
3 1004 429 1032 459
3 966 426 988 454
3 987 409 1008 430
3 1005 377 1022 403
3 947 375 966 390
3 954 395 973 415
3 931 393 946 411
3 929 411 944 432
3 940 420 962 455
3 857 444 880 468
3 834 457 859 487
3 808 468 827 489
3 870 400 897 432
3 868 341 893 399
3 831 386 850 408
3 839 400 861 417
3 818 405 838 428
3 814 425 833 455
3 776 487 798 510
3 740 481 762 507
3 680 483 709 506
3 711 473 736 495
3 730 452 751 476
3 765 444 784 467
3 777 398 797 427
3 704 428 724 456
3 651 452 674 474
3 736 397 752 423
3 762 382 777 409
3 757 413 778 432
3 845 423 861 445
3 620 475 637 497
3 588 484 609 502
3 594 463 615 477
3 619 446 645 476
3 629 416 640 433
3 650 403 662 423
3 630 403 649 415
3 563 458 581 487
3 548 480 566 504
3 525 461 543 488
3 518 480 538 502
3 498 485 520 508
3 462 464 479 493
5 3 338 452 505
5 450 355 617 447
