30
1 89 191 125 278
1 121 185 156 273
1 166 198 192 265
1 184 197 211 265
1 199 187 225 253
1 223 189 248 250
1 242 192 264 246
1 256 192 277 247
1 269 188 291 243
1 290 188 310 240
1 305 191 325 239
1 322 186 342 236
1 340 193 356 233
1 358 186 374 228
1 363 193 378 231
1 382 190 396 228
1 400 179 419 229
1 411 181 431 230
1 427 179 447 231
1 436 183 456 233
1 445 176 469 235
1 460 179 483 235
1 477 182 499 239
1 492 181 516 240
1 507 174 536 246
1 525 181 551 247
1 536 177 564 245
1 562 181 588 248
1 557 178 571 215
1 372 181 391 228
