32
1 0 182 56 394
1 17 227 73 367
1 61 184 89 252
1 49 180 76 249
1 115 176 201 389
1 208 148 309 398
1 298 201 368 372
1 270 203 336 365
1 345 211 401 349
1 367 167 458 392
1 460 178 537 366
1 533 195 591 336
1 513 212 552 308
1 571 208 600 317
1 453 222 490 314
1 21 175 49 245
3 89 205 104 229
3 109 194 126 230
3 125 207 140 229
3 187 206 202 230
3 207 209 231 230
3 333 213 350 229
3 354 213 367 229
3 425 189 433 202
3 432 191 440 205
3 440 200 447 210
3 451 202 460 209
3 455 213 466 232
3 460 201 471 217
3 472 203 480 215
5 536 212 560 231
5 571 210 588 230
