40
1 1 127 12 157
1 42 123 66 182
1 69 106 116 220
1 117 116 165 236
1 145 114 177 194
1 172 115 203 190
1 197 123 222 187
1 223 118 252 192
1 251 118 276 181
1 272 125 298 192
1 295 127 323 195
1 314 124 327 159
1 345 122 370 183
1 360 122 381 177
1 377 118 406 188
1 393 132 418 192
1 414 123 445 200
1 485 155 497 187
1 511 122 545 207
1 568 130 601 210
1 546 136 577 212
1 594 141 620 204
1 620 135 648 206
1 653 141 682 215
1 670 146 697 211
1 697 138 726 211
1 224 476 246 529
1 259 466 286 531
1 305 488 320 528
1 327 487 345 531
1 352 492 367 528
1 362 489 378 531
1 375 485 394 531
1 730 404 781 531
1 748 403 800 533
1 682 416 699 459
1 695 417 710 455
1 661 416 679 462
3 115 510 150 531
5 107 480 156 509
