40
1 62 206 191 524
1 144 209 270 517
1 236 222 355 515
1 318 237 432 518
1 398 224 520 524
1 487 241 605 530
1 585 232 705 525
1 532 161 636 418
1 451 166 554 421
1 368 177 467 418
1 287 160 393 421
1 212 177 311 422
1 127 161 233 420
1 556 119 637 319
1 491 108 568 299
1 429 131 496 297
1 350 115 419 283
1 274 118 339 280
1 221 127 285 286
1 150 123 212 275
1 189 77 253 233
1 262 84 318 222
1 319 74 387 241
1 390 78 446 214
1 448 80 508 226
1 568 71 621 201
1 515 81 563 200
1 0 24 38 208
3 543 49 593 118
3 490 58 526 125
3 425 55 465 117
3 453 31 495 93
3 390 19 436 88
3 363 58 414 120
3 342 25 384 84
3 301 56 354 124
3 242 44 285 119
3 285 31 329 89
3 222 26 264 87
3 179 51 223 119
