59
1 3 129 20 173
1 0 126 12 175
1 23 125 47 184
1 48 130 63 169
1 53 128 84 204
1 92 121 115 179
1 109 129 123 164
1 117 128 132 164
1 129 135 140 164
1 139 118 169 194
1 134 125 148 163
1 176 123 198 177
1 165 134 177 163
1 191 119 230 215
1 237 122 251 158
1 228 129 239 157
1 250 120 274 180
1 268 123 281 155
1 278 124 290 154
1 284 122 298 157
1 294 129 304 156
1 302 126 321 173
1 312 125 325 156
1 316 125 330 159
1 321 124 347 191
1 342 119 379 212
1 377 131 391 167
1 388 133 401 166
1 400 140 411 166
1 373 127 387 163
3 402 123 408 134
3 396 125 402 134
3 391 125 396 134
3 387 121 391 134
3 381 121 387 133
3 365 122 376 136
3 349 129 356 142
3 338 123 349 135
3 340 116 350 128
3 315 118 325 135
3 311 118 320 130
3 306 118 312 130
3 300 119 306 130
3 294 119 300 130
3 266 121 273 133
3 245 120 256 133
3 218 125 231 143
3 173 125 183 138
3 165 122 176 134
3 144 117 152 132
3 127 121 134 134
3 88 122 98 135
3 84 127 92 137
3 79 119 87 131
3 74 121 83 136
3 48 118 60 132
3 22 122 31 135
3 13 122 22 137
3 36 125 44 140
