32
1 83 188 145 343
1 117 191 173 327
1 146 198 196 322
1 227 202 281 336
1 202 195 247 308
1 249 191 299 316
1 302 185 353 310
1 289 159 335 275
1 347 188 395 307
1 363 183 409 296
1 412 180 455 285
1 451 179 488 272
1 467 175 506 270
1 568 180 594 244
1 591 166 616 228
1 626 170 650 230
1 612 174 635 230
1 385 184 419 266
1 482 183 513 260
1 504 167 517 200
1 517 160 535 206
1 524 159 542 206
1 538 156 557 206
1 552 164 569 207
1 558 167 576 214
3 117 168 136 196
3 131 161 153 223
3 224 191 245 208
3 363 180 380 206
5 196 170 299 241
5 321 169 391 192
5 573 156 611 190
