33
1 398 216 473 398
1 310 156 409 397
1 265 157 360 389
1 242 150 323 349
1 223 143 296 322
1 203 140 267 298
1 189 127 252 282
1 460 121 523 277
1 414 119 470 255
3 0 114 66 272
3 18 107 50 142
3 53 101 102 142
3 330 127 364 164
3 290 113 330 175
3 266 117 292 153
3 263 107 275 120
3 247 112 269 147
3 229 111 251 137
3 224 95 250 131
3 210 112 233 133
3 274 102 289 121
3 292 101 303 121
3 311 103 330 153
3 328 103 350 160
3 350 104 373 161
3 371 113 395 189
3 395 115 421 207
3 526 132 554 190
3 555 130 584 184
3 511 128 527 167
5 131 114 208 266
5 454 120 491 147
5 414 115 447 144
