190
1 12 151 48 238
1 53 153 85 234
1 88 158 119 233
1 118 160 149 235
1 152 162 185 242
1 216 168 246 245
1 240 166 273 247
1 266 168 299 248
1 290 178 318 250
1 314 170 346 248
1 466 180 492 244
1 481 196 511 273
1 501 200 530 272
1 600 251 634 335
1 556 231 590 314
1 623 257 656 339
1 639 272 672 352
1 663 271 698 359
1 0 330 45 487
1 15 244 56 347
1 30 333 89 479
1 71 331 127 471
1 81 367 134 496
1 115 355 173 498
1 142 352 201 497
1 181 349 242 498
1 220 363 275 497
1 257 358 313 495
1 292 357 348 493
1 332 357 388 493
1 362 357 416 491
1 392 413 426 497
1 410 359 462 485
1 440 359 490 484
1 459 353 511 479
1 490 363 536 479
1 524 357 573 478
1 547 359 596 478
1 576 357 623 471
1 601 352 647 467
1 620 351 666 463
1 646 345 692 460
1 489 425 518 496
1 523 414 556 497
1 522 444 543 498
1 618 204 643 268
1 646 434 671 498
1 601 441 625 499
1 671 442 692 497
1 370 238 405 324
1 5 305 62 447
1 683 208 700 271
3 3 291 41 325
3 0 255 22 303
3 51 302 82 357
3 53 284 87 321
3 58 248 92 294
3 87 289 109 325
3 110 295 140 321
3 121 309 156 356
3 122 340 144 369
3 154 330 189 379
3 191 335 228 374
3 183 309 218 346
3 219 328 255 381
3 253 337 288 381
3 218 312 248 341
3 251 312 279 342
3 287 321 320 363
3 312 341 344 376
3 0 220 21 235
3 32 222 54 237
3 27 209 57 227
3 70 228 97 245
3 62 213 89 240
3 90 266 106 281
3 118 269 154 309
3 101 250 121 269
3 106 229 124 245
3 104 208 123 229
3 122 248 147 268
3 150 248 181 269
3 147 284 177 323
3 177 284 213 325
3 179 268 209 299
3 218 285 244 314
3 245 286 276 315
3 222 271 244 287
3 244 272 268 301
3 270 280 294 316
3 285 293 310 323
3 292 277 322 308
3 310 292 339 322
3 324 277 351 321
3 346 294 382 325
3 316 314 343 342
3 342 318 368 343
3 366 335 395 369
3 396 358 422 385
3 131 228 152 249
3 147 215 179 248
3 155 234 176 254
3 175 217 198 236
3 182 229 204 251
3 189 249 213 267
3 210 247 237 271
3 212 233 228 252
3 198 223 221 247
3 223 224 245 245
3 235 235 267 268
3 239 256 261 272
3 267 259 292 277
3 297 259 315 275
3 316 256 338 277
3 342 260 363 282
3 366 260 386 283
3 387 298 407 328
3 382 321 400 339
3 400 312 425 341
3 418 332 446 365
3 467 334 492 358
3 566 450 605 498
3 572 415 608 468
3 661 410 691 449
3 513 341 540 368
3 543 326 568 361
3 574 335 597 366
3 594 335 625 371
3 621 328 646 358
3 572 314 594 348
3 248 214 268 238
3 264 238 283 259
3 274 225 295 254
3 289 240 311 261
3 304 229 322 259
3 392 280 418 304
3 410 295 429 330
3 430 294 453 322
3 435 318 451 346
3 450 319 474 354
3 477 316 498 346
3 502 317 525 346
3 525 311 543 341
3 455 302 478 326
3 476 302 497 323
3 500 300 517 332
3 550 268 572 310
3 530 268 551 306
3 515 266 537 307
3 317 224 336 255
3 332 236 352 267
3 340 224 360 253
3 354 239 374 272
3 342 200 364 235
3 362 209 380 235
3 371 225 386 252
3 396 246 416 281
3 413 245 435 275
3 422 273 441 293
3 443 273 464 305
3 465 276 484 301
3 487 283 504 305
3 440 241 461 274
3 465 245 483 273
3 457 264 471 285
3 479 267 491 289
3 484 245 503 280
3 503 262 515 282
3 508 250 522 269
3 492 235 507 254
3 473 228 489 248
3 453 236 472 263
3 456 224 476 247
3 435 222 455 242
3 391 229 410 257
3 413 235 426 248
3 425 235 446 260
3 412 217 434 242
3 385 212 405 242
3 377 196 393 226
3 407 208 422 233
3 431 213 445 233
3 633 223 649 250
3 594 244 610 280
3 641 250 655 276
3 618 243 635 270
3 656 252 672 282
3 663 224 682 255
3 614 421 642 474
3 634 415 661 462
