44
1 87 210 153 370
1 3 221 39 312
1 163 192 247 397
1 266 190 351 399
1 432 204 488 342
1 462 200 540 390
1 66 207 109 315
1 98 189 113 228
1 150 189 166 229
1 44 193 60 235
1 19 189 35 230
1 245 189 261 228
1 271 185 285 220
1 330 185 346 225
1 353 184 370 226
1 364 184 381 225
1 370 189 384 225
1 380 189 395 225
1 134 188 151 230
1 256 189 270 226
3 218 258 273 377
3 576 269 597 384
3 3 186 15 206
3 83 188 94 210
3 72 191 81 226
3 95 188 104 206
3 124 186 137 212
3 105 199 120 228
3 176 185 188 208
3 191 189 203 206
3 168 184 177 202
3 161 186 172 210
3 217 190 226 211
3 224 188 234 215
3 228 188 240 231
3 316 186 326 223
3 291 186 301 211
3 322 184 330 199
3 392 184 405 211
3 400 183 413 206
3 422 181 434 201
3 445 179 458 199
3 467 181 480 203
3 477 186 484 197
