55
1 118 699 170 826
1 177 713 223 829
1 214 738 254 837
1 313 686 361 806
1 535 749 573 843
1 496 764 529 848
1 589 713 615 787
1 519 651 557 746
1 443 631 492 750
1 404 641 447 749
1 365 648 415 771
1 322 614 358 702
1 242 594 281 690
1 135 612 171 701
1 92 634 134 740
1 179 568 215 656
1 220 568 249 641
1 291 560 317 627
1 321 562 343 619
1 303 596 336 679
1 147 520 174 587
1 122 500 148 566
1 137 499 163 563
1 188 529 210 586
1 170 505 200 578
1 206 510 232 573
1 273 527 286 560
1 246 495 280 578
1 330 505 356 568
1 305 495 330 558
1 346 500 376 574
1 368 505 399 584
1 342 625 379 719
1 435 585 465 661
1 396 594 426 667
3 348 596 383 645
3 429 587 439 629
3 400 564 415 604
3 386 530 430 572
3 175 487 186 503
3 192 495 204 522
3 214 493 226 506
3 231 497 252 524
3 268 492 281 513
3 279 492 291 510
3 293 494 311 523
3 305 484 311 505
3 339 491 352 508
3 419 489 433 530
3 435 479 454 536
3 436 471 449 494
3 443 463 459 487
3 383 503 401 529
3 391 472 412 506
3 409 477 429 500
