55
1 100 236 149 355
1 127 272 171 379
1 189 260 231 366
1 246 262 293 379
1 0 186 20 247
1 20 190 43 248
1 32 189 56 249
1 53 193 75 249
1 72 189 96 247
1 500 179 530 252
1 100 193 123 249
1 140 186 164 248
1 157 185 182 246
1 179 187 205 252
1 199 187 224 250
1 223 188 249 254
1 243 177 273 250
1 259 182 286 247
1 280 183 307 252
1 302 179 332 252
1 334 184 360 248
1 355 181 382 249
1 399 176 429 252
1 378 185 406 253
1 430 184 459 254
1 455 178 485 252
3 23 79 34 98
3 35 77 50 98
3 60 75 69 99
3 70 79 80 102
3 101 83 117 108
3 219 71 237 95
3 185 339 235 374
3 416 310 465 375
3 384 251 424 298
3 71 272 118 337
3 140 247 168 272
3 528 167 541 186
3 521 172 532 191
3 491 172 499 195
3 482 173 492 189
3 472 173 485 193
3 371 180 383 197
3 323 176 334 193
3 335 178 345 195
3 221 178 231 194
3 174 180 188 192
3 120 181 131 199
3 131 181 140 196
3 140 182 149 199
3 97 185 107 201
3 87 184 94 200
3 67 184 77 198
4 77 127 105 176
4 115 129 157 183
