30
1 598 211 640 321
1 561 210 596 299
1 521 193 556 280
1 458 252 507 371
1 410 225 452 330
1 371 266 416 378
1 298 298 333 384
1 334 232 374 332
1 201 261 252 386
1 270 235 313 341
1 497 211 516 261
1 480 210 500 262
1 462 217 481 263
1 442 220 459 262
1 346 184 358 216
1 339 186 350 213
1 328 186 340 215
1 318 185 329 214
1 234 219 257 275
1 174 224 195 279
3 208 212 233 241
3 399 205 421 233
3 164 207 180 232
3 188 204 209 223
3 247 214 261 229
3 306 218 323 239
3 472 200 490 215
5 2 208 185 424
5 16 143 324 224
5 324 132 638 245
