72
1 534 508 630 746
1 458 451 577 743
1 294 591 358 747
1 830 419 948 710
1 902 456 967 614
1 816 434 853 524
1 809 430 839 506
1 781 430 817 517
1 798 431 816 474
1 625 443 673 561
1 612 444 657 557
1 593 436 633 535
1 584 448 604 497
1 433 476 476 583
1 401 461 457 601
1 458 453 513 591
1 441 442 493 571
1 368 443 407 538
1 380 432 420 530
1 390 447 433 553
1 350 445 380 522
1 365 442 391 506
1 319 464 371 594
1 277 477 326 598
1 247 476 299 602
1 152 459 194 565
1 126 454 171 565
1 0 481 69 702
3 685 426 871 745
3 911 450 992 744
3 938 444 955 479
3 955 440 974 472
3 890 429 916 461
3 860 431 876 463
3 842 424 863 466
3 813 432 821 470
3 677 457 738 531
3 762 467 789 529
3 688 424 710 466
3 656 434 688 492
3 664 425 684 459
3 552 468 581 498
3 551 449 580 490
3 569 439 588 497
3 550 435 571 469
3 576 432 587 459
3 527 442 543 475
3 519 431 538 455
3 505 431 528 459
3 118 473 317 744
3 30 434 158 744
3 89 419 112 448
3 62 424 73 454
3 46 423 62 451
3 5 421 14 459
3 17 423 28 453
3 240 434 268 474
3 224 446 250 480
3 211 441 232 470
3 186 457 213 478
3 175 483 212 567
3 194 442 204 466
3 174 441 191 469
3 280 450 302 480
3 273 432 291 465
3 302 432 313 463
3 312 451 348 497
3 422 438 442 459
3 466 435 485 461
3 615 429 624 446
3 624 431 633 454
3 634 426 648 444
