70
1 625 257 669 364
1 678 187 723 299
1 663 199 698 287
1 671 140 709 233
1 445 104 473 174
1 295 104 325 180
1 204 95 235 170
1 569 238 613 349
1 545 255 591 371
1 519 222 567 339
1 482 236 526 347
1 471 212 513 317
1 443 228 488 338
1 416 256 469 387
1 382 249 425 355
1 344 264 392 382
1 299 246 347 364
1 265 239 310 349
1 220 224 264 335
1 239 199 284 308
1 394 218 434 317
1 187 209 233 323
1 163 205 205 311
1 132 199 173 302
1 106 189 146 290
1 87 179 129 283
1 57 174 97 274
1 38 167 77 264
1 21 159 61 257
1 2 156 41 253
1 0 71 22 148
1 303 191 343 288
1 34 30 52 73
1 335 200 370 287
1 371 208 406 293
1 310 220 354 327
1 147 177 185 271
3 448 181 475 220
3 431 208 460 248
3 404 195 419 221
3 355 233 378 260
3 355 184 384 224
3 388 191 404 217
3 270 164 289 182
3 294 169 310 190
3 334 179 353 201
3 283 211 313 238
3 231 193 251 219
3 256 178 277 204
3 286 189 308 212
3 235 171 259 193
3 215 144 230 165
3 228 151 246 178
3 248 154 262 175
3 206 189 229 216
3 207 156 228 184
3 238 170 253 191
3 283 186 304 210
3 180 179 205 212
3 60 146 79 167
3 84 156 108 184
3 43 138 63 163
3 113 142 136 166
3 139 142 159 165
3 163 152 180 173
3 120 162 143 189
3 135 166 155 196
3 176 152 197 175
5 1 8 244 65
5 270 13 636 65
