35
1 29 149 167 486
1 122 167 252 487
1 181 164 308 477
1 251 153 385 482
1 333 161 465 484
1 404 148 540 479
1 502 167 636 497
3 548 271 667 519
3 2 279 114 518
3 508 149 566 225
3 0 78 10 94
3 92 74 118 93
3 123 73 146 95
3 164 53 201 83
3 175 72 206 93
3 215 74 242 93
3 254 64 283 93
3 293 72 312 91
3 303 72 321 92
3 555 83 584 96
3 595 57 630 97
3 630 59 642 75
3 635 60 654 80
3 631 74 658 97
3 664 57 675 78
3 673 55 701 95
3 695 59 715 77
3 706 55 732 97
3 721 66 731 80
3 729 59 758 100
3 755 59 778 97
3 778 57 798 98
3 779 18 800 71
3 770 87 800 140
3 715 90 760 139
