64
1 6 105 11 119
1 15 104 20 117
1 0 104 5 120
1 0 161 21 212
1 10 157 28 202
1 26 159 42 201
1 31 163 55 222
1 48 161 65 206
1 71 163 89 209
1 77 166 99 221
1 91 164 110 212
1 112 172 131 220
1 122 165 141 212
1 140 182 156 221
1 147 165 167 213
1 139 168 158 216
1 173 163 197 221
1 173 161 193 212
1 199 166 218 214
1 206 172 225 221
1 229 168 249 220
1 256 166 275 214
1 282 162 300 209
1 313 161 330 205
1 227 166 245 212
1 22 103 28 117
1 30 99 35 114
1 37 99 42 114
1 43 99 49 113
1 49 100 54 114
1 54 97 60 112
1 61 97 66 112
1 68 98 74 112
1 76 99 81 111
1 82 97 86 110
1 88 96 93 110
1 93 95 97 107
1 98 93 103 108
1 104 93 110 107
1 114 93 119 107
1 119 92 125 107
1 124 94 129 107
1 224 92 228 105
1 232 93 237 105
1 238 93 243 105
1 244 93 249 105
1 252 91 257 105
1 259 91 264 104
1 267 92 272 106
1 273 92 278 105
1 281 92 287 106
1 313 97 317 108
1 322 96 326 107
1 306 95 310 108
1 300 94 305 108
1 329 94 335 111
1 0 159 8 199
3 285 181 312 215
5 0 86 134 121
5 128 90 175 108
5 206 90 223 108
5 223 88 289 109
5 286 93 301 108
5 288 87 334 109
