79
1 17 71 33 113
1 35 73 50 112
1 48 82 74 149
1 67 86 92 148
1 89 72 113 134
1 78 68 93 106
1 82 63 97 101
1 108 68 128 119
1 107 127 132 188
1 140 107 195 244
1 176 92 219 196
1 156 64 173 107
1 140 90 176 181
1 207 87 244 177
1 204 71 222 117
1 200 67 217 108
1 165 60 178 94
1 149 64 160 90
1 136 77 159 135
1 126 85 148 141
1 117 81 138 135
1 238 68 260 123
1 224 69 241 113
1 252 87 279 154
1 276 82 305 152
1 287 85 315 157
1 261 74 290 146
1 342 83 370 151
1 346 98 388 200
1 342 73 364 126
1 317 62 325 84
1 32 73 42 101
3 5 67 20 90
3 3 75 24 109
3 0 85 25 129
3 0 114 45 257
3 54 165 146 264
3 43 69 55 95
3 53 65 61 83
3 59 63 71 88
3 68 64 75 80
3 73 69 84 83
3 65 68 79 94
3 96 61 105 71
3 90 58 99 70
3 103 70 115 90
3 126 68 134 85
3 129 63 138 78
3 117 57 126 66
3 123 51 133 62
3 142 62 152 77
3 155 60 164 73
3 186 60 196 75
3 174 71 197 102
3 202 62 211 72
3 213 68 231 91
3 248 63 258 76
3 250 65 266 88
3 269 68 279 83
3 280 66 288 82
3 288 63 305 81
3 324 63 333 81
3 321 79 334 89
3 297 95 331 156
3 322 89 342 135
3 284 130 344 200
3 278 148 380 262
3 356 148 399 264
3 360 101 398 210
3 279 85 290 109
3 262 68 271 81
3 228 71 245 119
3 64 49 72 61
3 92 46 102 59
3 103 56 113 71
3 75 58 83 70
3 83 56 89 63
3 87 49 93 59
5 0 54 65 72
