36
1 33 273 87 407
1 60 282 114 413
1 89 286 139 411
3 124 308 155 339
3 131 281 160 314
3 160 274 186 301
3 187 267 211 306
3 211 276 235 310
3 241 273 264 309
3 271 275 294 301
3 305 278 326 306
3 338 275 368 305
3 368 284 388 308
3 393 286 412 311
3 429 282 451 306
3 455 280 479 306
3 491 282 514 308
3 519 294 539 319
3 561 288 584 313
3 591 276 616 306
3 635 310 669 347
3 610 313 637 349
3 588 313 613 350
3 560 314 583 343
3 534 317 564 358
3 508 315 533 348
3 476 309 504 345
3 446 311 470 341
3 417 314 442 351
3 378 312 408 347
3 344 308 369 345
3 305 313 336 351
3 273 311 298 341
3 240 308 267 349
3 207 309 236 348
3 168 306 198 345
