52
1 628 202 663 290
1 645 202 683 294
1 485 175 507 231
1 427 168 442 206
1 418 168 431 202
1 388 159 402 195
1 323 174 343 224
1 251 208 275 270
1 143 194 175 273
1 123 185 161 278
1 13 240 80 405
1 38 178 57 228
1 62 180 79 225
1 5 177 30 237
1 347 163 360 198
1 340 161 354 197
1 313 166 328 203
1 302 165 318 204
1 286 163 302 204
1 271 168 285 204
1 254 165 269 201
1 247 168 258 196
1 244 172 255 201
1 226 169 239 203
1 217 170 231 205
1 206 171 219 203
1 197 169 211 206
1 177 169 191 204
1 164 169 182 216
1 93 128 116 186
3 533 197 559 226
3 508 194 538 222
3 505 188 517 219
3 495 188 505 214
3 472 185 491 211
3 8 208 37 239
3 61 204 89 231
3 177 192 194 220
3 145 170 164 191
3 136 176 152 193
3 189 190 203 214
3 208 192 223 213
3 245 189 258 209
3 252 186 266 212
3 266 186 278 212
3 275 186 291 208
3 287 186 298 204
3 298 185 309 207
3 306 185 318 207
5 193 149 270 171
5 117 152 193 173
5 2 153 86 178
