35
1 0 204 18 261
1 71 180 93 235
1 99 195 118 244
1 61 207 84 264
1 109 203 130 258
1 111 201 141 277
1 179 197 208 267
1 214 196 243 270
1 229 195 250 250
1 257 196 281 254
1 269 191 291 247
1 278 204 306 272
1 290 195 317 261
1 297 198 317 250
1 317 207 344 274
1 328 202 353 264
1 353 204 379 271
1 377 199 399 256
1 388 204 414 270
1 250 155 257 175
1 235 150 243 172
1 268 152 278 177
1 284 150 294 176
1 325 152 333 174
1 225 151 233 174
1 219 151 228 174
1 212 149 220 171
1 143 147 156 178
1 3 160 16 193
1 331 154 340 178
1 340 154 348 177
5 0 151 27 168
5 62 151 74 167
5 362 149 446 204
5 205 129 265 145
