33
1 127 553 201 737
1 187 556 255 723
1 101 555 143 661
1 41 562 78 655
1 545 561 602 701
1 589 550 650 698
1 817 576 847 653
1 865 573 899 656
1 121 563 161 661
1 249 559 285 646
1 261 574 289 643
1 275 571 304 643
1 291 561 321 638
1 309 557 345 644
1 350 568 384 651
1 406 572 433 638
1 419 572 450 649
1 431 568 466 654
1 505 572 544 669
1 530 581 564 664
1 647 569 680 652
1 659 573 692 653
1 894 583 925 659
1 940 577 962 633
1 954 599 977 657
1 973 581 1007 663
1 989 574 1024 659
1 1015 594 1044 665
1 1035 582 1091 718
1 1065 563 1131 725
1 1019 577 1046 643
2 452 558 505 690
4 112 39 152 134
