42
1 41 50 54 84
1 39 83 67 153
1 47 72 71 134
1 62 95 89 164
1 78 79 103 141
1 92 69 109 110
1 87 99 115 169
1 97 83 123 148
1 116 89 144 158
1 123 106 155 187
1 147 96 176 168
1 113 75 135 132
1 108 68 126 112
1 136 76 147 103
1 162 86 186 145
1 162 118 191 190
1 181 102 212 180
1 197 90 214 135
1 210 91 238 163
1 203 126 239 217
1 227 111 259 191
1 214 55 224 83
1 264 63 280 104
1 164 137 204 238
1 134 193 177 297
1 67 175 113 290
1 0 203 37 298
1 206 215 240 299
1 242 176 283 278
1 278 235 303 298
1 311 199 351 299
1 292 151 335 258
1 372 149 400 240
1 331 137 356 198
1 290 114 321 189
1 268 122 294 188
1 242 136 280 232
1 269 107 280 133
1 56 217 88 298
3 151 52 165 81
3 62 49 81 84
3 258 54 273 72
