35
1 0 62 16 125
1 0 38 69 236
1 15 60 87 238
1 19 43 94 229
1 71 35 154 239
1 94 63 164 233
1 127 70 187 219
1 159 42 235 230
1 200 64 269 233
1 215 53 352 387
1 316 28 461 385
1 426 35 520 265
1 484 32 579 265
1 379 53 454 235
1 413 40 490 227
1 244 57 293 178
1 309 43 385 228
1 558 36 600 228
1 533 42 580 159
1 548 46 593 156
1 70 58 93 117
1 75 55 100 115
3 237 46 253 76
3 275 35 295 62
3 399 27 425 52
5 61 59 75 78
5 92 54 105 69
5 120 51 135 71
5 134 49 181 65
5 204 51 214 69
5 224 49 240 63
5 306 40 341 61
5 151 65 164 85
5 564 30 580 46
5 485 41 501 62
