47
1 0 11 110 401
1 15 42 155 384
1 0 52 103 375
1 57 60 209 434
1 107 106 205 346
1 121 102 217 336
1 156 160 223 324
1 177 174 243 335
1 156 136 234 330
1 169 145 244 327
1 180 151 251 328
1 194 156 260 318
1 229 176 282 309
1 218 173 275 312
1 205 164 266 316
1 299 193 344 302
1 314 200 352 295
1 285 199 324 296
1 382 148 433 274
1 356 218 383 283
1 368 227 389 278
1 416 231 435 279
1 431 234 448 278
1 449 235 468 281
1 410 233 428 280
1 380 232 398 276
1 385 232 402 277
1 388 229 408 279
1 391 227 412 281
1 649 176 723 358
1 688 89 750 371
1 622 132 707 343
1 591 116 682 338
1 588 154 659 328
1 576 140 653 329
1 556 162 620 321
1 547 173 605 317
1 518 173 573 311
1 523 176 579 313
1 544 187 598 319
1 516 172 572 309
1 332 232 349 275
3 0 0 7 30
3 730 193 741 229
3 339 220 349 240
4 712 286 731 335
4 727 293 745 340
